scores: [0.8813546187964626, 0.8452901697430215, 0.8459983627101304, 0.8698558428700596, 0.771096359384847, 0.9750784898819289, 0.8142970209668812, 0.8430253023260155, 0.8504054308742341, 0.9479336730155252, 0.8196623054260975, 0.9732353075853352, 0.8607621337862467, 0.8723916968940275, 0.8707352594364457, 0.8220936531122691, 0.9895582086036949, 0.89789127102524, 0.8731463972590211, 0.9915894571506332]
evaluation_score: 0.881
cost: 0.40504
